15
5
4
5
4
5
4
4
4
4
4
5
4
4
4
4
4
5
5
4
4
4
5
6
5
6
5
6
5
5
5
5
5
5
6
5
5
6
5
5
5
5
6
5
6
6
6
6
6
7
6
6
6
6
7
6
6
7
6
8
8
6
6
7
7
6
7
7
8
7
8
7
7
8
7
7
8
8
8
8
8
8
8
8
8
9
9
9
9
9
9
9
9
9
9
9
9
11
11
10
11
10
10
11
10
10
10
11
11
12
11
11
11
11
12
11
12
12
12
12
12
12
12
13
12
12
14
14
13
13
14
13
13
13
14
14
15
13
14
16
14
14
14
15
15
15
15
15
15
15
16
15
16
16
16
16
16
16
16
19
18
17
17
17
17
18
18
19
18
19
18
19
19
19
20
20
22
20
21
20
20
21
20
20
21
21
21
22
23
21
22
22
22
23
23
24
23
23
24
23
