19
6
7
6
5
6
6
6
6
6
5
6
5
6
6
6
6
6
6
7
6
6
5
6
6
6
7
7
6
7
7
7
7
8
7
7
7
7
8
8
9
8
8
9
9
8
9
8
9
9
9
9
8
9
9
10
10
10
9
10
10
10
10
10
10
10
11
11
11
11
11
11
11
11
11
12
13
12
12
13
14
14
13
13
14
14
14
13
14
14
14
14
15
15
15
15
16
16
16
15
15
16
16
16
16
17
17
17
17
17
17
18
18
18
19
19
19
19
19
19
19
20
20
21
20
21
22
22
20
21
23
23
22
22
24
23
23
24
23
24
24
23
24
25
25
24
26
25
25
25
26
27
27
28
27
27
28
29
28
30
29
30
30
30
30
31
31
32
31
31
32
32
32
34
33
33
33
34
35
34
35
36
35
35
37
36
36
37
38
38
38
38
39
39
40
40
40
41
40
42
