0
0
3
5
5
7
7
7
7
9
9
10
10
9
9
9
9
11
12
12
11
11
11
11
11
12
11
12
12
11
11
11
11
13
13
13
13
13
14
13
13
13
13
14
13
13
13
13
13
13
13
13
13
14
13
13
13
13
13
13
13
13
13
13
13
16
15
15
15
16
16
15
16
15
16
15
16
15
16
16
18
15
15
16
16
15
16
15
15
16
16
16
20
18
15
15
15
16
16
15
16
15
15
16
15
16
15
15
15
15
16
15
16
15
15
15
16
15
15
15
15
15
15
16
16
16
15
16
16
18
18
18
19
18
19
18
18
17
18
17
18
17
17
17
18
17
18
17
17
18
18
18
18
17
17
18
18
18
18
17
18
18
17
18
18
18
18
17
18
18
17
18
18
18
18
18
18
18
18
18
18
18
17
18
18
18
17
18
18
18
18
18
18
18
18
17
18
18
18
18
18
18
18
18
18
17
18
18
18
18
19
18
18
18
18
18
18
17
18
18
17
17
18
18
17
18
18
18
18
18
18
18
18
17
18
18
18
17
18
18
18
17
18
18
18
18
18
18
18
18
18
18
18
18
18
18
18
20
20
20
20
20
20
20
20
19
20
20
21
20
20
21
21
21
20
20
20
20
20
20
19
20
19
20
20
20
20
20
20
20
20
20
20
20
19
20
20
20
20
20
20
20
19
20
20
20
20
20
20
20
20
20
20
20
20
20
20
20
20
20
20
19
20
21
20
20
20
20
20
20
20
20
21
20
20
20
20
20
20
20
20
20
21
20
20
20
20
21
21
20
19
20
20
21
20
20
20
20
20
20
20
19
20
20
20
20
20
20
21
20
20
20
20
20
20
20
20
20
20
20
20
20
20
20
20
19
20
20
20
20
20
20
20
20
20
20
20
19
20
20
20
20
20
20
20
20
20
20
20
20
20
20
20
20
20
19
20
20
20
20
20
20
20
20
20
20
19
19
20
20
20
20
20
20
20
20
20
20
20
20
20
20
19
20
20
20
20
20
20
20
20
20
19
20
20
20
20
20
20
21
20
20
21
20
20
20
20
20
20
20
20
20
19
20
20
20
20
20
20
20
20
20
20
20
20
20
20
20
20
20
20
20
20
20
20
19
20
20
20
20
20
20
20
20
21
20
20
20
20
20
19
20
20
22
22
22
22
22
22
22
22
22
22
23
22
22
22
22
22
22
22
22
23
23
22
22
22
24
23
22
22
22
22
22
22
22
23
22
22
22
23
22
22
22
22
23
22
22
22
22
22
22
23
22
23
22
22
22
23
22
22
22
22
22
22
22
23
23
22
22
22
22
23
23
22
22
23
23
22
22
22
23
22
22
22
23
22
22
22
23
22
22
22
22
23
22
22
22
22
23
22
22
22
22
22
22
22
22
23
22
22
22
22
22
22
22
22
22
22
22
22
22
22
22
22
22
23
22
22
22
22
22
22
22
22
23
22
22
22
22
23
22
22
22
23
22
22
22
22
23
22
22
22
23
22
22
23
22
23
22
22
22
23
22
23
22
22
23
22
22
22
23
22
22
22
22
23
23
22
22
23
22
22
22
22
23
22
22
22
22
22
23
22
22
23
22
22
22
22
22
22
22
22
22
22
22
22
28
23
22
22
22
25
25
23
22
23
23
25
22
22
23
23
22
22
22
23
22
22
23
23
22
22
22
23
22
22
22
22
22
22
22
22
23
22
22
23
23
23
23
22
22
23
22
22
22
23
22
22
22
22
23
22
22
22
22
22
22
22
22
22
22
23
22
22
22
22
22
22
23
22
22
22
22
22
22
22
22
23
22
22
22
22
22
22
22
22
22
22
22
22
23
23
22
22
22
23
22
22
22
22
23
22
23
22
24
22
22
22
22
22
22
22
22
22
22
22
22
22
23
22
22
23
22
22
22
22
22
22
22
22
22
24
24
22
23
25
22
22
22
22
23
22
22
22
22
22
22
22
22
23
22
22
22
22
22
22
22
22
23
22
22
22
23
23
22
22
22
23
22
22
22
22
23
22
22
22
23
22
22
22
22
23
22
22
22
23
23
22
22
22
23
22
22
22
23
22
22
22
22
23
22
22
22
22
23
22
22
22
23
22
22
22
22
23
22
22
22
23
23
22
22
22
23
22
22
22
23
22
22
22
22
23
22
22
22
23
22
22
22
22
22
22
22
22
22
22
23
23
22
22
22
22
22
23
22
22
22
22
22
22
22
22
23
22
22
22
22
23
22
22
22
22
22
22
22
22
22
22
22
